2 488 2 488 893 431 431 501 753 893 
46 251 424 697 530 251 28 577 158 566 577 540 28 111 112 111 
540 28 111 112 111 
502 111 573 112 251 110 650 968 251 577 158 251 28 577 1055 566 348 321 968 110 650 251 28 
753 431 577 112 251 393 968 110 251 28 
774 753 753 893 
152 

2 488 960 893 619 431 501 774 753 960 
152 577 152 321 336 251 577 158 566 577 1064 111 566 
811 968 110 968 336 968 697 28 577 158 566 577 358 111 321 251 566 28 
502 111 573 112 251 110 650 968 251 577 158 251 28 577 1055 566 348 321 968 110 650 251 28 
431 893 577 112 251 393 968 110 251 28 
501 619 619 893 
1005 

2 488 960 2 501 960 619 2 2 431 
385 577 1055 566 251 111 275 577 251 577 46 566 968 348 968 336 566 968 321 251 577 566 577 111 577 419 697 251 321 158 251 828 865 111 697 112 251 
502 70 1069 70 577 1055 566 606 968 28 
464 358 46 577 358 251 321 348 968 110 28 577 46 111 110 348 566 28 
774 2 893 577 112 251 393 968 110 251 28 
501 619 774 488 
502 

2 488 960 341 501 431 488 501 619 488 
385 577 660 111 158 566 321 577 158 251 577 1064 251 348 697 321 566 64 251 
282 321 251 697 530 968 111 577 322 251 201 251 321 566 28 
540 158 968 348 111 321 251 577 341 893 
341 431 577 112 251 393 968 110 251 28 
501 619 774 341 
1005 

2 488 960 2 501 960 488 960 2 619 
358 111 573 111 577 395 566 577 111 577 1069 566 110 650 111 321 577 158 111 577 322 566 573 112 111 916 577 
358 968 336 650 251 566 530 577 540 110 158 566 
464 358 46 577 358 251 321 348 968 110 28 577 46 111 110 348 566 28 
501 960 431 577 112 251 393 968 110 251 28 
501 619 774 501 
502 

2 488 960 893 619 431 619 960 960 774 
385 577 582 530 348 968 573 111 577 502 251 201 251 530 566 968 321 111 577 152 110 158 251 110 348 566 
464 968 530 530 577 540 968 28 110 566 321 
502 111 573 112 251 110 650 968 251 577 158 251 28 577 1055 566 348 321 968 110 650 251 28 
431 893 577 112 251 393 968 110 251 28 
501 619 619 619 
540 

2 488 341 341 431 774 431 774 960 774 577 
385 577 660 321 968 110 336 968 112 566 577 502 251 28 112 968 251 110 
502 70 1069 70 577 1055 566 606 968 28 
464 358 46 577 358 251 321 348 968 110 28 577 46 111 110 348 566 28 
501 774 431 577 112 251 393 968 110 251 28 
501 619 619 341 
502 

2 488 341 341 431 774 488 893 431 753 
74 968 573 577 186 110 111 112 855 577 566 577 111 28 577 774 341 577 112 968 321 251 348 251 28 
358 968 336 650 251 566 530 577 540 110 158 566 
358 251 321 348 968 110 28 577 46 111 110 348 566 28 577 828 577 1069 566 530 111 577 358 251 321 348 968 110 28 
501 753 501 577 112 251 393 968 110 251 28 
501 619 619 501 
502 

2 488 431 488 893 2 893 488 960 501 
1055 251 336 111 28 
811 968 348 111 321 577 502 251 855 251 393 393 968 
660 251 110 968 110 968 577 502 111 573 968 336 28 
2 501 577 112 251 393 968 110 251 28 
501 619 774 893 
540 

2 488 960 501 341 501 2 431 341 960 
46 251 424 697 530 251 28 577 158 566 577 1055 251 577 46 111 110 348 251 968 110 566 
74 566 251 110 577 158 566 577 1055 251 577 46 111 110 348 251 968 110 566 
358 251 321 348 968 110 577 502 530 251 321 566 348 
501 431 501 577 112 251 393 968 110 251 28 
501 619 774 501 
152 

2 488 341 960 2 619 753 431 431 960 
385 577 573 251 393 968 336 111 577 158 566 577 385 64 
1055 70 577 46 321 251 110 194 577 282 251 697 573 
229 251 650 251 321 
501 501 893 577 112 251 393 968 110 251 28 
501 619 774 341 
502 

2 488 893 774 2 619 501 2 488 
943 968 28 348 111 321 968 251 28 577 158 566 577 282 968 336 650 111 28 
322 111 530 28 348 111 968 
1069 358 577 660 251 321 251 158 968 158 251 348 968 336 111 
893 2 577 112 251 393 968 110 251 28 
501 619 774 341 
282 

2 488 960 893 619 431 619 341 488 431 
501 619 70 619 619 619 577 1055 566 393 697 251 28 577 1069 697 424 573 251 321 968 110 251 28 
74 697 530 968 111 577 811 566 321 110 566 
502 111 573 112 251 110 650 968 251 577 158 251 28 577 1055 566 348 321 968 110 650 251 28 
431 893 577 112 251 393 968 110 251 28 
774 753 753 753 
540 

2 488 2 488 893 431 431 893 774 341 
502 111 110 348 111 28 577 158 566 577 152 110 158 566 321 28 566 110 
943 70 577 502 70 577 152 110 158 566 321 28 566 110 
502 111 573 112 251 110 650 968 251 577 158 251 28 577 1055 566 348 321 968 110 650 251 28 
774 501 619 577 112 251 393 968 110 251 28 
774 753 753 488 
282 

2 488 960 893 619 431 341 774 431 753 
152 577 385 158 968 28 28 566 968 251 
865 111 573 566 321 111 
502 111 573 112 251 110 650 968 251 577 158 251 28 577 1055 566 348 321 968 110 650 251 28 
431 893 577 112 251 393 968 110 251 28 
501 619 619 488 
540 

2 488 960 893 619 431 619 341 501 774 
865 111 424 968 110 28 111 110 577 502 321 697 28 111 566 
1005 251 110 968 566 530 577 1005 566 855 111 566 
502 111 573 112 251 110 650 968 251 577 158 251 28 577 1055 566 348 321 968 110 650 251 28 
431 893 577 112 251 393 968 110 251 28 
774 753 753 753 
540 

2 488 960 2 501 960 893 753 753 960 
152 28 577 282 321 697 33 251 28 
865 111 251 530 158 577 1005 251 650 530 
464 358 46 577 358 251 321 348 968 110 28 577 46 111 110 348 566 28 
501 893 619 577 112 251 393 968 110 251 28 
501 619 774 501 
502 

2 488 960 893 619 431 774 488 488 960 
943 968 28 348 111 321 968 251 28 577 251 577 282 321 251 28 968 530 566 968 321 251 
152 110 251 577 358 251 321 968 251 577 358 251 336 650 251 158 111 
502 111 573 112 251 110 650 968 251 577 158 251 28 577 1055 566 348 321 968 110 650 251 28 
2 619 577 112 251 393 968 110 251 28 
501 619 619 501 
152 

